<ragdoll >
	<bones >
		<pelvis mass=12.29 friction=1 dynamic="true" offsetTransform="1.000000 0.000000 0.000000 0.000000 0.000000 1.000000 0.000000 0.000000 0.000000 0.000000 1.000000 0.000000 0.070000 0.000000 0.000000 1.000000" >
			<shape type="PS_BOX" radius="0.100000" extents="0.200000 0.200000 0.400000" >
			</shape>
		</pelvis>
		<lthigh mass=7.35 friction=1 dynamic="true" offsetTransform="1.000000 -0.000000 0.000000 0.000000 -0.000000 0.000000 1.000000 0.000000 -0.000000 -1.000000 0.000000 0.000000 -0.000000 -0.229591 0.000000 1.000000" >
			<shape axis="2" type="PS_CAPSULE" height="0.234182" radius="0.100000" >
			</shape>
		</lthigh>
		
		<rthigh mass=7.35 friction=1 dynamic="true" offsetTransform="1.000000 0.000000 -0.000000 0.000000 0.000000 -0.000000 1.000000 0.000000 0.000000 -1.000000 -0.000000 0.000000 0.000000 -0.229591 0.000000 1.000000" >
			<shape axis="2" type="PS_CAPSULE" height="0.234182" radius="0.100000" >
			</shape>
		</rthigh>
        <lshin mass=3.15 friction=1 dynamic="true" offsetTransform="1.000000 -0.000000 0.000000 0.000000 -0.000000 -0.000000 1.000000 0.000000 -0.000000 -1.000000 -0.000000 0.000000 -0.000000 -0.243020 0.000000 1.000000" >
			<shape axis="2" type="PS_CAPSULE" height="0.261039" radius="0.100000" >
			</shape>
		</lshin>
        <rshin mass=3.15 friction=1 dynamic="true" offsetTransform="1.000000 0.000000 -0.000000 0.000000 0.000000 -0.000000 1.000000 0.000000 0.000000 -1.000000 -0.000000 0.000000 -0.000000 -0.235317 0.000000 1.000000" >
			<shape axis="2" type="PS_CAPSULE" height="0.245634" radius="0.100000" >
			</shape>
		</rshin>
        <snowboard mass=1.33 friction=1 dynamic="true" swept=true>
            <shape type=PS_BOX extents="1.5 .3 .04"/>
        </snowboard>
        <spinelower mass=21.52 friction=1 dynamic="true" offsetTransform="0.979379 0.169006 -0.110694 0.000000 -0.170589 0.985330 -0.004924 0.000000 0.108238 0.023705 0.993842 0.000000 0.014801 0.171494 -0.012291 1.000000" >
			<shape type="PS_BOX" radius="0.100000" extents="0.200000 0.400000 0.350000" >
			</shape>
		</spinelower>
        <spineupper mass=.01 dynamic="true" collisionLayer=NOCOLLISION>
            <shape type=PS_SPHERE radius=.1/>
        </spineupper>
        <head mass=4.97 friction=1 dynamic="true" offsetTransform="1.000000 0.000000 0.000000 0.000000 0.000000 0.000000 1.000000 0.000000 0.000000 -1.000000 0.000000 0.000000 0.000000 -0.039210 0.000000 1.000000" >
            <shape axis="2" type="PS_CAPSULE" height="-0.006579" radius="0.125000" >
            </shape>
        </head>
        <lshoulder mass=.01 dynamic=true collisionLayer=NOCOLLISION>
            <shape type=PS_SPHERE radius=.05/>
        </lshoulder>
        <rshoulder mass=.01 dynamic=true collisionLayer=NOCOLLISION>
            <shape type=PS_SPHERE radius=.05/>
        </rshoulder>
        <lupperarm mass=2.31 friction=1 dynamic="true" offsetTransform="1.000000 -0.000000 0.000000 0.000000 -0.000000 0.000000 1.000000 0.000000 -0.000000 -1.000000 0.000000 0.000000 -0.000000 -0.100441 0.000000 1.000000" >
			<shape axis="2" type="PS_CAPSULE" height="0.075883" radius="0.030000" >
			</shape>
		</lupperarm>
		<lforearm mass=1.33 friction=1 dynamic="true" offsetTransform="1.000000 0.000000 -0.000000 0.000000 0.000000 -0.000000 1.000000 0.000000 0.000000 -1.000000 -0.000000 0.000000 0.000000 -0.099327 0.000000 1.000000" >
			<shape axis="2" type="PS_CAPSULE" height="0.073654" radius="0.050000" >
			</shape>
		</lforearm>
		<lhand mass=.42 friction=1 dynamic="true" offsetTransform="1.000000 -0.000000 0.000000 0.000000 -0.000000 -0.000000 1.000000 0.000000 -0.000000 -1.000000 -0.000000 0.000000 0.000000 -0.049306 0.000000 1.000000" >
			<shape axis="2" type="PS_CAPSULE" height="-0.006388" radius="0.040000" >
			</shape>
		</lhand>
		<rupperarm mass=2.31 friction=1 dynamic="true" offsetTransform="1.000000 0.000001 -0.000001 0.000000 0.000001 -0.000000 1.000000 0.000000 0.000001 -1.000000 -0.000000 0.000000 0.000000 -0.099456 -0.000000 1.000000" >
			<shape axis="2" type="PS_CAPSULE" height="0.073911" radius="0.030000" >
			</shape>
		</rupperarm>
		<rforearm mass=1.33 friction=1 dynamic="true" offsetTransform="1.000000 -0.000000 0.000000 0.000000 -0.000000 -0.000000 1.000000 0.000000 -0.000000 -1.000000 -0.000000 0.000000 -0.000000 -0.097353 -0.000000 1.000000" >
			<shape axis="2" type="PS_CAPSULE" height="0.069707" radius="0.050000" >
			</shape>
		</rforearm>
		<rhand mass=.42k friction=1 dynamic="true" offsetTransform="1.000000 0.000000 -0.000000 0.000000 0.000000 0.000001 1.000000 0.000000 0.000000 -1.000000 0.000001 0.000000 0.000000 -0.049315 0.000000 1.000000" >
			<shape axis="2" type="PS_CAPSULE" height="-0.006370" radius="0.040000" >
			</shape>
		</rhand>
        
        
	</bones>
	<constraints >
        <coneTwist bodyA="spinelower" bodyB="lupperarm" limit=".32 0 .32" pivotInATrans="0.998430 -0.018699 -0.052784 0.000000 -0.055964 -0.299206 -0.952545 0.000000 0.002020 0.954001 -0.299786 0.000000 0.024903 0.134487 -0.187251 1.000000" pivotInBTrans="0.974644 -0.065366 0.214001 0.000000 0.223761 0.284095 -0.932320 0.000000 0.000146 0.956565 0.291518 0.000000 0.000000 -0.000000 0.100442 1.000000" >
		</coneTwist>
		<coneTwist bodyA="spinelower" bodyB="rupperarm" limit=".32 0 .32" pivotInATrans="0.995947 -0.072642 -0.053010 0.000000 0.023547 -0.358220 0.933342 0.000000 -0.086790 -0.930809 -0.355060 0.000000 0.041741 0.121988 0.212201 1.000000" pivotInBTrans="0.921058 -0.370788 0.119034 0.000000 0.003068 -0.298747 -0.954327 0.000000 0.389414 0.879356 -0.274025 0.000000 -0.000000 -0.000000 0.099455 1.000000" >
		</coneTwist>
        <hinge axis="0 1 0" bodyA="lupperarm" bodyB="lforearm" limit="-1 0" pivotInATrans="1.000000 -0.000000 0.000000 0.000000 0.000000 -0.000000 -1.000000 0.000000 0.000000 1.000000 -0.000000 0.000000 0.000000 -0.000000 -0.100441 1.000000" pivotInBTrans="0.906768 0.093352 -0.411165 0.000000 -0.399234 -0.123493 -0.908494 0.000000 -0.135586 0.987945 -0.074710 0.000000 0.000000 0.000000 0.099327 1.000000" >
		</hinge>
		<hinge axis="0 1 0" bodyA="rupperarm" bodyB="rforearm" limit="-1 0" pivotInATrans="1.000000 0.000001 0.000001 0.000000 0.000001 0.000000 -1.000000 0.000000 -0.000001 1.000000 -0.000000 0.000000 0.000000 -0.000000 -0.099456 1.000000" pivotInBTrans="0.667213 0.714034 -0.212091 0.000000 -0.252999 -0.050567 -0.966144 0.000000 -0.700584 0.698283 0.146911 0.000000 -0.000000 -0.000000 0.097354 1.000000" >
		</hinge>
        
        <hinge bodyA="lforearm" bodyB="lhand" axis="1 0 0" limit="0 .2" pivotInATrans="1.000000 0.000000 0.000000 0.000000 0.000000 0.000000 -1.000000 0.000000 0.000000 1.000000 0.000000 0.000000 0.000000 0.000000 -0.099327 1.000000" pivotInBTrans="0.976106 -0.077610 0.202962 0.000000 0.210729 0.110237 -0.971309 0.000000 0.053009 0.990871 0.123958 0.000000 -0.000000 0.000000 0.049306 1.000000" >
		</hinge>
        <hinge bodyA="rforearm" bodyB="rhand" axis="1 0 0" limit="-.2 0" pivotInATrans="1.000000 0.000000 0.000000 0.000000 0.000000 0.000000 -1.000000 0.000000 0.000000 1.000000 -0.000000 0.000000 0.000000 0.000000 -0.097353 1.000000" pivotInBTrans="0.904375 -0.398836 0.151775 0.000000 0.126492 -0.089137 -0.987955 0.000000 0.407561 0.912679 -0.030164 0.000000 0.000000 0.000000 0.049315 1.000000" >
		</hinge>
        
        <coneTwist bodyA="rshin" bodyB="snowboard" limit="0 0 0" pivotInATrans="1.000000 0.000000 0.000000 0.000000 0.000000 -0.000000 -1.000000 0.000000 0.000000 1.000000 0.000000 0.000000 0.000000 0.000000 -0.235317 1.000000" pivotInBTrans="-0.376255 0.846937 -0.375673 0.000000 0.075101 -0.376255 -0.923467 0.000000 -0.923467 -0.375673 0.077962 0.000000 0.216659 -0.057567 0.050000 1.000000" >
		</coneTwist>
        <coneTwist bodyA="lshin" bodyB="snowboard" limit="0 0 0" pivotInATrans="1.000000 0.000000 0.000000 0.000000 0.000000 0.000000 -1.000000 0.000000 0.000000 1.000000 0.000000 0.000000 0.000000 0.000000 -0.243020 1.000000" pivotInBTrans="-0.379782 0.869217 -0.316588 0.000000 -0.102852 -0.379782 -0.919340 0.000000 -0.919340 -0.316588 0.233635 0.000000 -0.202122 -0.055438 0.050000 1.000000" >
		</coneTwist>
		<coneTwist bodyA="spinelower" bodyB="head" limit=".25 .25 .2" pivotInATrans="0.962768 -0.219064 0.158374 0.000000 0.218484 0.975610 0.021317 0.000000 -0.159178 0.014077 0.987146 0.000000 0.036760 0.197860 0.014510 1.000000" pivotInBTrans="0.999570 0.021240 0.020248 0.000000 0.020333 -0.003822 -0.999786 0.000000 -0.021158 0.999767 -0.004252 0.000000 -0.000000 0.000000 0.179211 1.000000" >
		</coneTwist>
		<hinge axis="0 1 0" bodyA="lthigh" bodyB="lshin" limit="0 1" pivotInATrans="1.000000 0.000000 0.000000 0.000000 0.000000 -0.000000 -1.000000 0.000000 0.000000 1.000000 0.000000 0.000000 0.000000 0.000000 -0.229591 1.000000" pivotInBTrans="0.435891 -0.591064 0.678706 0.000000 0.720919 -0.222136 -0.656453 0.000000 0.538771 0.775435 0.329282 0.000000 -0.000000 0.000000 0.243020 1.000000" >
		</hinge>
		<hinge axis="0 1 0" bodyA="rthigh" bodyB="rshin" limit="0 1" pivotInATrans="1.000000 0.000000 0.000000 0.000000 0.000000 0.000000 -1.000000 0.000000 -0.000000 1.000000 0.000000 0.000000 0.000000 0.000000 -0.229591 1.000000" pivotInBTrans="0.353003 -0.659790 0.663374 0.000000 0.658988 -0.327981 -0.676878 0.000000 0.664171 0.676096 0.319015 0.000000 0.000000 -0.000000 0.235317 1.000000" >
		</hinge>
		<coneTwist bodyA="pelvis" bodyB="lthigh" limit=".32 .32 0" pivotInATrans="0.919926 0.133313 0.368734 0.000000 0.366950 -0.624063 -0.689850 0.000000 0.138147 0.769918 -0.623011 0.000000 -0.008806 -0.104072 -0.115043 1.000000" pivotInBTrans="0.970128 0.039049 -0.239429 0.000000 -0.223061 0.531575 -0.817112 0.000000 0.095367 0.846111 0.524406 0.000000 0.000000 0.000000 0.229591 1.000000" >
		</coneTwist>
		<coneTwist bodyA="pelvis" bodyB="rthigh" limit=".32 .32 0" pivotInATrans="0.616124 0.692063 0.376084 0.000000 0.366959 -0.674704 0.640403 0.000000 0.696945 -0.256560 -0.669660 0.000000 -0.008804 -0.112517 0.106797 1.000000" pivotInBTrans="0.945945 0.002596 0.324317 0.000000 0.283734 -0.491024 -0.823645 0.000000 0.157110 0.871143 -0.465218 0.000000 0.000000 0.000000 0.229591 1.000000" >
		</coneTwist>
		<coneTwist bodyA="pelvis" bodyB="spinelower" limit="0 .15 0" flimit=".15 .15 .07" pivotInATrans="0.976658 -0.154848 0.148866 0.000000 0.150888 0.987835 0.037605 0.000000 -0.152878 -0.014265 0.988142 0.000000 -0.043693 0.172230 0.006556 1.000000" pivotInBTrans="0.979379 -0.170591 0.108237 0.000000 0.169010 0.985327 0.023705 0.000000 -0.110697 -0.004923 0.993842 0.000000 -0.044844 -0.166514 0.006545 1.000000" >
		</coneTwist>
        <coneTwist bodyA="spinelower" bodyB="lshoulder" limit="0 0 0" pivotInATrans="0.998431 -0.018702 -0.052785 0.000000 -0.055964 -0.299210 -0.952545 0.000000 0.002020 0.954004 -0.299786 0.000000 0.024905 0.134488 -0.187250 1.000000" pivotInBTrans="1.000000 -0.000000 0.000000 0.000000 0.000000 1.000000 0.000000 0.000000 0.000000 -0.000000 1.000000 0.000000 0.000000 -0.000000 0.000000 1.000000" >
		</coneTwist>
        <coneTwist bodyA="spinelower" bodyB="rshoulder" limit="0 0 0" pivotInATrans="0.995949 -0.072641 -0.053009 0.000000 0.023550 -0.358220 0.933340 0.000000 -0.086787 -0.930807 -0.355058 0.000000 0.041746 0.121989 0.212200 1.000000" pivotInBTrans="1.000000 -0.000000 0.000000 0.000000 0.000000 1.000000 0.000000 0.000000 0.000000 -0.000000 1.000000 0.000000 -0.000000 0.000000 -0.000000 1.000000" >
		</coneTwist>
        <coneTwist bodyA="spinelower" bodyB="spineupper" limit="0 0 0" pivotInATrans="0.962772 -0.219063 0.158372 0.000000 0.218477 0.975609 0.021316 0.000000 -0.159178 0.014079 0.987150 0.000000 0.036758 0.197863 0.014509 1.000000" pivotInBTrans="1.000000 0.000000 0.000000 0.000000 0.000000 1.000000 -0.000000 0.000000 0.000000 -0.000000 1.000000 0.000000 0.000000 0.000000 0.000000 1.000000" >
		</coneTwist>
	</constraints>
</ragdoll>

