<ragdoll>
    <bones>
        <pelvis dynamic=true offset="0 0 .075" rotation="-.31 0 0">
            <shape type=PS_BOX extents=".4 .2 .2"/>
        </pelvis>
        <spinelower dynamic=true offsetTransform="0.988981 -0.148039 0.000000 -0.000000 0.148038 0.988981 -0.000000 0.000000 0.000000 -0.000000 1.000000 -0.000000 0.029608 0.197796 0.050000 1.000000">
            <shape type=PS_BOX extents=".35 .4 .2"/>
        </spinelower>
        
        <lthigh dynamic=true offsetTransform="-0.997273 -0.073766 0.002384 0.000000 0.073798 -0.996188 0.046504 0.000000 -0.001055 0.046553 0.998915 0.000000 0.062098 -0.223468 -0.022109 1.000000">
            <shape type=PS_CAPSULE axis=1 radius=.1 height=0.2/>
        </lthigh>
        <rthigh dynamic=true offsetTransform="0.997274 -0.073766 0.001656 0.000000 -0.073764 -0.996187 0.046558 0.000000 -0.001785 -0.046554 -0.998914 0.000000 -0.019589 -0.225835 0.043149 1.000000">
            <shape type=PS_CAPSULE axis=1 radius=.1 height=.2/>
        </rthigh>
        <lshin dynamic=true offsetTransform="-0.968620 0.248547 -0.000515 0.000000 -0.248501 -0.968392 0.021562 0.000000 0.004860 0.021014 0.999768 0.000000 0.027857 -0.212953 0.062255 1.000000">
            <shape type=PS_CAPSULE axis=1 radius=.1 height=.2/>
        </lshin>
        <rshin dynamic=true offsetTransform="-0.994654 0.103258 0.000762 0.000000 -0.103249 -0.994418 -0.021706 0.000000 -0.001483 -0.021670 0.999764 0.000000 -0.008214 -0.211630 0.042390 1.000000">
            <shape type=PS_CAPSULE axis=1 radius=.1 height=.2/>
        </rshin>
        <lupperarm dynamic=true offsetTransform="-0.707279 0.314149 -0.633299 0.000000 -0.705221 -0.375849 0.601163 0.000000 -0.049170 0.871808 0.487375 0.000000 0.081644 -0.035141 0.071027 1.000000">
            <shape type=PS_CAPSULE axis=0 radius=.03 height=.075/>
        </lupperarm>
        <lforearm dynamic=true offsetTransform="-0.978214 0.172978 -0.114782 0.000000 -0.192748 -0.551469 0.811619 0.000000 0.077094 0.816063 0.572798 0.000000 0.100150 -0.010733 0.017528 1.000000">
            <shape type=PS_CAPSULE axis=0 radius=.06 height=.075/>
        </lforearm>
        <lhand dynamic=true offsetTransform="-0.894801 0.394196 -0.209619 0.000000 -0.415765 -0.564640 0.712964 0.000000 0.162688 0.725115 0.669134 0.000000 0.024190 -0.008562 0.033842 1.000000">
            <shape type=PS_BOX extents=".125 .05 .075"/>
        </lhand>
        
        <rupperarm dynamic=true offsetTransform="-0.866418 -0.289560 -0.406781 0.000000 0.498301 -0.553326 -0.667476 0.000000 -0.031807 -0.781015 0.623700 0.000000 -0.074853 -0.037003 -0.056962 1.000000">
            <shape type=PS_CAPSULE axis=0 radius=.03 height=.075/>
        </rupperarm>
        
        <rforearm dynamic=true offsetTransform="-0.801657 -0.249315 -0.543313 0.000000 0.570226 -0.591716 -0.569838 0.000000 -0.179417 -0.766627 0.616520 0.000000 -0.073952 -0.035182 -0.047544 1.000000">
            <shape type=PS_CAPSULE axis=0 radius=.06 height=.075/>
        </rforearm>
        
        <rhand dynamic=true offsetTransform="-0.821127 -0.191671 -0.537601 0.000000 0.495340 -0.707249 -0.504419 0.000000 -0.283535 -0.680487 0.675684 0.000000 0.004682 -0.030804 0.010380 1.000000">
            <shape type=PS_BOX extents=".125 .05 .075"/>
        </rhand>
        
        <head dynamic=true offsetTransform="0.999786 0.020689 -0.000000 0.000000 -0.020689 0.999786 0.000000 0.000000 0.000000 -0.000000 1.000000 0.000000 -0.010427 -0.042774 -0.009373 1.000000" offsetModTool=true>
            <shape type=PS_SPHERE radius=.125/>
        </head>
        
        <spineupper dynamic="true" offsetTransform="1.000000 0.000000 0.000000 0.000000 0.000000 1.000000 -0.000000 0.000000 0.000000 -0.000000 1.000000 0.000000 0.000000 0.000000 0.000000 1.000000" >
			<shape type="PS_SPHERE" radius="0.100000" >
			</shape>
		</spineupper>
        
    </bones>
    <constraints>
        
        <coneTwist
        bodyA=spinelower
        bodyB=head
        pivotInATrans="0.980253 0.197753 0.000000 0.000000 -0.197752 0.980253 0.000000 0.000000 0.000000 -0.000000 1.000000 0.000000 -0.019314 0.165387 0.024913 1.000000"
        pivotInBTrans="1.000000 -0.000000 0.000000 -0.000000 -0.000000 1.000000 -0.000000 0.000000 0.000000 -0.000000 1.000000 -0.000000 -0.020000 -0.170000 -0.030000 1.000000"
        limit=".5 .5 .2" />
        
        <coneTwist
        bodyA="pelvis"
        bodyB="spinelower"
        pivotInATrans="0.988982 0.148039 0.000000 0.000000 -0.148038 0.988982 0.000000 0.000000 -0.000000 -0.000000 1.000000 0.000000 -0.009098 0.172114 -0.048693 1.000000"
        pivotInBTrans="0.988982 0.148039 0.000000 0.000000 -0.148038 0.988982 0.000000 0.000000 -0.000000 -0.000000 1.000000 0.000000 0 -.2 -.05 1.000000"
        limit="0.31830988618 0.31830988618 0.31830988618"/>
        
        <coneTwist
        bodyA="spinelower"
        bodyB=lupperarm
        pivotInATrans="-0.992339 -0.119345 -0.031946 0.000000 0.009184 -0.329126 0.944241 0.000000 -0.123203 0.936714 0.327701 0.000000 0.184087 0.106335 0.022765 1.000000"
        pivotInBTrans="-0.751662 -0.628233 -0.200822 0.000000 -0.027854 -0.273976 0.961333 0.000000 -0.658960 0.728193 0.188438 -0.000000 -0.087047 0.006881 0.001027 1.000000"
        limit="0.31830988618 0.63661977236 0"/>
        
        <coneTwist
        bodyA="spinelower"
        bodyB=rupperarm
        pivotInATrans="-0.991344 -0.126675 0.034511 0.000000 0.009184 -0.329126 -0.944241 0.000000 0.130969 -0.935751 0.327441 0.000000 -0.215356 0.085220 0.022768 1.000000"
        pivotInBTrans="-0.890880 0.428315 0.151275 -0.000000 -0.290847 -0.282048 -0.914253 0.000000 -0.348920 -0.858486 0.375844 -0.000000 0.099337 -0.003239 0.007184 1.000000"
        limit="0.31830988618 0.63661977236 0"/>
        
        <hinge
        bodyA=rupperarm
        bodyB=rforearm
        pivotInATrans="-0.866422 0.498303 -0.031808 0.000000 -0.289561 -0.553326 -0.781016 0.000000 -0.406782 -0.667478 0.623702 0.000000 -0.098740 -0.021196 0.004246 1.000000"
        pivotInBTrans="-0.795626 0.440906 -0.415425 -0.000000 -0.067537 -0.746045 -0.662459 0.000000 -0.602010 -0.499015 0.623351 -0.000000 0.100478 -0.002043 0.000000 1.000000"
        axis="0 1 0"
        limit="-1 0"/>
        
        <coneTwist
        bodyA=rforearm
        bodyB=rhand
        pivotInATrans="-0.801655 0.570224 -0.179417 0.000000 -0.249316 -0.591715 -0.766624 0.000000 -0.543313 -0.569838 0.616518 0.000000 -0.1 -0.005741 -0.010927 1.000000"
        pivotInBTrans="-0.801655 0.570225 -0.179417 -0.000000 -0.249317 -0.591715 -0.766624 0.000000 -0.543313 -0.569838 0.616518 -0.000000 0.1 -0.005741 -0.010927 1.000000"
        limit=".3 .3 .3"/>
        
        <coneTwist
        bodyA=lforearm
        bodyB=lhand
        pivotInATrans="-0.978215 -0.192752 0.077094 0.000000 0.172977 -0.551471 0.816063 0.000000 -0.114780 0.811622 0.572798 0.000000 0.101837 -0.000841 -0.009002 1.000000"
        pivotInBTrans="-0.978215 -0.192752 0.077094 0.000000 0.172977 -0.551471 0.816063 0.000000 -0.114780 0.811622 0.572798 0.000000 -.0625 0 0 1.000000"
        limit=".3 .3 .3"/>
        
        <hinge
        bodyA=lupperarm
        bodyB=lforearm
        pivotInATrans="-0.707279 -0.705224 -0.049170 0.000000 0.314148 -0.375849 0.871807 0.000000 -0.633298 0.601165 0.487374 0.000000 0.113766 0.001670 0.000034 1.000000"
        pivotInBTrans="-0.771698 -0.587378 0.243874 -0.000000 0.568701 -0.465640 0.678055 -0.000000 -0.284716 0.661944 0.693374 -0.000000 -0.096150 0.015420 -0.009599 1.000000"
        axis="0 1 0"
        limit="0 1"/>
        
        <coneTwist
        bodyA="pelvis"
        bodyB="lthigh"
        pivotInATrans="-0.929426 0.248465 -0.272823 0.000000 -0.368826 -0.648794 0.665608 0.000000 -0.011625 0.719257 0.694647 0.000000 0.116566 -0.102363 -0.013806 1.000000"
        pivotInBTrans="-0.929426 0.248465 -0.272823 0.000000 -0.368826 -0.648794 0.665608 0.000000 -0.011625 0.719257 0.694647 0.000000 0 0.229591 0 1.000000"
        limit="0.31830988618 0.31830988618 0"/>
        <coneTwist
        bodyA="pelvis"
        bodyB="rthigh"
        pivotInATrans="0.929426 -0.248465 -0.272823 0.000000 -0.368826 -0.648794 -0.665608 0.000000 -0.011625 0.719258 -0.694646 0.000000 -0.105124 -0.114081 -0.013804 1.000000"
        pivotInBTrans="0.929426 -0.248465 -0.272823 0.000000 -0.368826 -0.648794 -0.665608 0.000000 -0.011625 0.719258 -0.694646 0.000000 0 0.229591 0 1.000000"
        limit="0.31830988618 0.31830988618 0"/>
        <hinge
        bodyA="lthigh"
        bodyB="lshin"
        pivotInA="0.045497 -0.226171 0.032554"
        pivotInB="0 0.229591 0"
        axis="1 0 0"
        limit="-.5 0 0"/>
        <hinge
        bodyA="rthigh"
        bodyB="rshin"
        pivotInATrans="0.997274 -0.073763 -0.001785 0.000000 -0.073767 -0.996189 -0.046553 0.000000 0.001656 0.046559 -0.998914 0.000000 0.002804 -0.228428 0.032554 1.000000"
        pivotInBTrans="0.997274 -0.073763 -0.001785 0.000000 -0.073767 -0.996189 -0.046553 0.000000 0.001656 0.046559 -0.998914 0.000000 0 .25 0 1.000000"
        axis="1 0 0"
        limit="-.5 0 0"/>
        <coneTwist bodyA="spinelower" bodyB="spineupper" limit="0 0 0" pivotInATrans="0.997431 -0.049381 0.051902 0.000000 0.049851 0.998726 -0.007804 0.000000 -0.051451 0.010371 0.998622 0.000000 0.018618 0.373011 -0.002915 1.000000" pivotInBTrans="1.000000 0.000000 0.000000 0.000000 0.000000 1.000000 -0.000000 0.000000 0.000000 -0.000000 1.000000 0.000000 0.000000 0.000000 0.000000 1.000000" >
		</coneTwist>
    </constraints>
</ragdoll>
